[grifo.jpg]
filters=radblur=1,0.500000,0.500000,-1.000000,0.520468;
moddate=49fb70ef1ecfd201
width=1268
height=664
textactive=0
[grifo.1.jpg]
filters=radblur=1,0.500000,0.500000,-1.000000,-0.263158;
moddate=2bc41c291fcfd201
width=1268
height=664
textactive=0
